-46	19	8	23	22	-11	34	10	-36	-90	58	-23	-73	-73	-92	40	78	-43	-59	34	0	-83	72	0	-23
89	-13	42	-49	52	15	37	68	-90	85	-29	37	53	67	92	-61	-69	16	-91	81	-96	-48	30	63	-4
60	70	92	-43	91	-21	85	-38	-13	16	73	50	55	-21	79	56	-39	-15	94	-32	-57	-3	-19	0	97
87	86	-58	-11	-47	-50	-36	-67	-47	-83	-79	-44	-63	75	-80	-67	-27	22	4	-50	30	-69	39	-12	6
51	-94	26	3	-36	-50	-65	-66	36	-11	62	-39	5	4	65	85	-9	-42	82	41	-19	-43	-86	-71	16
86	-30	-46	59	56	81	-95	-97	-42	71	28	52	-15	-36	3	-81	-33	-5	-75	-73	-3	-17	-83	70	-71
-37	66	4	50	61	-92	86	-20	85	-74	-1	-41	39	73	-49	34	-41	29	-65	47	44	-48	-4	98	66
-73	-34	32	17	3	80	-45	-20	65	59	-14	-15	-60	62	5	-56	-51	70	-98	5	55	67	-67	-95	-51
13	54	15	-72	-67	48	98	45	17	48	45	37	99	87	-96	-75	36	-82	65	-72	88	83	-29	-14	-62
-43	-18	-77	73	-59	-42	4	-45	68	-15	15	71	-20	7	-80	21	-32	63	-11	73	34	3	63	68	60
-75	65	88	90	-28	-68	-14	57	-11	12	-97	3	83	76	-53	-42	-35	24	-35	-89	-96	58	-3	70	52
-71	18	-37	12	-72	14	93	32	63	47	64	-14	15	62	55	69	-75	-83	1	39	85	80	25	-98	-19
-9	-71	-87	35	-47	-11	-48	-8	-80	-68	-53	59	-38	-64	6	5	14	60	-70	-18	28	44	-2	1	-71
3	89	0	17	-16	-24	30	58	-67	-29	8	-5	30	-75	31	-62	7	-81	89	66	92	71	-34	20	41
-34	-11	-70	0	73	80	43	29	-67	-9	6	-94	-19	-46	44	-45	69	51	-78	-66	71	48	60	-51	-27
21	-90	-37	-35	21	-25	29	96	26	-90	-46	45	89	69	-20	99	98	-91	-40	-54	45	-42	51	-39	-71
-32	3	10	40	63	42	-3	-55	-53	-8	-98	-48	-43	-50	34	95	-98	95	83	55	-75	-61	-91	28	43
-88	66	9	-83	84	4	-47	-48	42	-11	-9	-85	0	-68	-45	-69	-52	68	94	34	4	94	-42	73	-50
26	-56	75	-14	-4	-92	72	-8	75	-79	49	47	-55	79	57	-53	8	98	85	12	-47	-54	-61	-24	55
72	31	18	-57	-85	-76	-65	46	14	-64	-61	81	92	89	-76	-96	29	-57	98	-21	-75	-66	14	19	-7
39	-24	-64	-85	80	-75	-48	57	-5	-52	-60	-73	27	-56	-90	-43	41	-55	-26	-47	-31	96	20	76	-4
17	-20	-98	28	87	70	54	-45	-61	90	2	48	0	97	53	-48	67	86	16	50	97	69	-8	48	-11
70	-26	-63	55	62	-70	-41	-28	-46	-93	-54	-69	90	-52	11	98	28	64	-31	76	-59	-67	44	-77	-85
-65	54	57	90	0	6	-70	77	-90	31	-3	87	-24	28	-84	23	0	36	71	-76	-84	12	95	49	-95
77	32	-46	-1	-28	81	15	-58	30	92	-36	-29	7	57	58	-70	60	11	11	63	-72	-3	-29	23	76
