22965 9925 9346 19084 -9241 -22200 -36903 4840 -17439 -3760 -35169 5378 12600 18991 -22989 -14725 -32343 1170 -2937 -4396 -26805 -23470 -8985 20005 -7504
880 30761 12175 -10504 -1443 14140 9769 4237 -4832 26530 -6612 -12224 9775 -1188 14763 -14504 -5753 -19864 21746 7281 500 13720 -14866 23709 21727
-9033 -13102 -124 -6371 9272 23489 19677 6070 1264 16454 -13560 922 -8722 1698 32792 4132 -10006 12433 -15426 17814 6717 12988 -14819 593 22482
11783 -40738 -14880 15690 -7899 -8331 -36285 -9546 -6428 -12619 -35913 2784 -17376 12908 -4454 9870 -4642 26274 -21466 -8609 -24396 -25865 -780 -25 448
-1276 -1038 16703 -27882 7215 -26322 -10871 16460 17761 -17116 -2243 7755 -5261 -9371 -10386 -5338 -1291 2751 22528 -2512 -21509 -412 11762 17965 5066
-5136 -7103 -255 -20259 8776 42398 77 -9822 7926 34747 5216 10583 -14472 -8855 31169 -17432 -7493 16197 10568 2730 -1897 13094 -12927 -1666 5970
360 -1799 34125 -26362 25516 -10741 23804 8095 -691 -2552 2953 -21933 8654 -14659 5222 -1985 -2520 6886 16187 6950 -31028 -7076 -21627 15455 15922
848 -17111 -17574 14713 -545 -685 -26151 -6875 -9975 -19816 -7325 8565 5982 -3161 -2395 -3037 16148 9460 -24889 -29229 12651 -5344 4650 -15432 -36871
-16765 11515 8292 3744 -19397 -1659 -11255 14721 5488 -1125 -4057 18644 28033 8904 -30314 -5209 8153 -9628 39049 -12067 -1570 15887 3261 -5141 -24360
17593 -6852 20227 6133 12954 -34998 750 13276 -5882 -38695 11443 -10186 7710 -23947 6911 37162 24979 -29165 7330 -600 -14134 -39266 8709 -10992 10773
-369 -11620 -10411 15335 4309 2728 -30188 -33425 964 -11467 844 3646 -31615 149 13207 -1787 -12522 34973 -975 -11384 17085 -3307 -17114 -19353 -25133
17332 -33041 -13076 -11537 -13530 19009 -18179 -2934 -5603 8477 11143 -190 -12810 304 6621 -16515 24148 -7021 -2448 -2873 14418 -5757 -7791 -30304 -16958
-6475 10715 -13824 12207 -19061 15461 70 6461 -11482 23484 -6500 39111 7910 35755 -18773 -21063 -6039 546 4878 10977 19056 7629 7790 34095 -18612
13667 -1085 515 1508 12389 -21233 -1840 2936 -6831 -16663 -8074 -12920 3468 -4394 -27 -4065 -5894 1869 -50965 -14144 -6933 -15192 18645 4134 11128
10327 4857 28804 1641 -7760 -3323 -13194 17760 -12322 22858 -8966 16024 26871 25153 -5110 9878 -28011 -20824 7434 -18171 -32353 -3025 -4412 -830 -7018
-1661 -23976 -25870 -1377 13205 13390 23373 1051 -1759 -9005 2316 1772 1038 4759 15361 1770 12214 3348 -26808 -13522 44371 13043 -12637 -17474 -22149
13006 -2049 -14014 26626 -10428 -172 -2331 -22127 -3373 575 8922 7956 -13718 3907 8380 27389 -17717 5587 -11905 7024 -389 -36078 16064 -7341 2178
-21234 19490 21361 5777 7470 6996 -9582 -12574 14386 23977 7143 -6457 -19467 -10249 7108 -16446 -28066 9779 39085 -5292 -18801 30944 -34163 22496 17968
