-80	85	-94	93	28	88	47	37	9	8	51	-39	-63	56	-72	-39	80	-77	-22	70	44	-47	57	62	-77
-66	22	-30	10	-16	-26	16	-93	2	-87	32	-26	-52	99	-59	8	4	62	-66	-73	-46	-7	-88	-14	94
-41	82	45	-37	-18	-66	0	99	-28	42	-13	-22	67	52	30	87	95	-14	-7	-68	2	-12	-98	-49	79
-33	40	-76	80	97	18	-63	39	-74	99	60	-64	31	-88	32	74	97	-66	21	11	45	-5	-21	-4	-12
-78	8	5	-13	-79	-67	-23	-40	-80	13	-73	-62	-38	-13	-77	40	-61	88	81	-6	72	-71	-40	53	-26
-85	2	46	-79	-95	15	-86	35	-57	12	-94	-1	-9	-42	52	0	38	65	1	41	-52	-1	-92	-28	57
60	71	-22	-90	-3	-53	-16	-90	98	-88	53	-81	-67	-51	-24	-74	90	36	99	-57	59	-14	10	-90	-53
-23	-84	-29	2	-19	96	4	-6	-54	-73	38	-6	99	-57	63	40	-83	19	-15	80	-90	34	68	-22	-78
2	-74	-18	-45	-16	12	-99	8	98	59	72	20	-51	37	-28	56	11	79	0	94	-48	10	69	60	-22
68	-48	12	-14	51	-11	10	-97	-88	-87	9	-77	-99	79	-38	75	-48	-78	38	-51	-3	-47	66	-5	-52
-87	-93	1	93	13	77	31	79	-97	-73	-69	7	97	-24	-14	-7	-40	53	58	-14	-78	33	26	51	-48
17	-18	-90	-27	86	9	-97	51	27	-26	-81	-44	-34	-28	71	-56	-17	-88	3	89	14	59	-7	-45	-47
-5	96	-80	30	-1	43	31	-21	70	94	2	16	49	46	-67	69	0	64	-53	32	-94	96	-76	87	21
-1	72	35	67	-23	15	51	-3	-75	4	65	-44	-1	-43	66	-21	-88	-59	-29	-25	30	-57	21	-81	-76
-36	94	59	-2	86	25	-10	53	63	-24	67	49	-37	-39	-39	-14	67	-77	-76	74	46	-34	-3	85	-54
-26	-48	-34	-24	-75	67	33	6	43	-82	-25	58	82	-13	47	66	18	-39	57	-29	-8	85	15	-98	-83
-21	9	-7	86	4	72	17	-73	-64	71	-48	65	-38	-51	-2	-10	7	-69	-21	-33	-96	-26	37	25	-23
-52	-72	23	-46	7	70	12	11	-36	-38	28	71	-22	46	-40	-86	70	81	81	-34	76	-32	-90	92	77
35	-13	-63	42	63	97	-52	94	49	69	-66	25	21	42	98	93	15	-35	-13	90	-4	65	-35	34	-10
-15	-36	-49	-2	-42	-64	43	78	-31	-56	-89	-9	37	-8	-55	-4	17	74	79	55	17	46	6	85	34
49	-53	81	36	-10	-82	-48	-4	-50	11	-11	62	46	-64	74	-18	13	-76	0	87	92	-65	-37	58	50
-68	-6	62	8	93	58	80	35	55	45	21	41	0	88	-13	-47	36	45	43	-25	-40	-25	-81	-8	-40
-85	-30	-4	-17	73	-30	15	97	-64	63	81	86	3	-40	-36	7	83	43	-91	42	0	77	96	-77	10
56	46	-10	12	0	-21	2	-6	7	72	65	14	-67	2	0	53	-36	92	-52	-30	59	-86	-13	-61	-94
-74	-78	50	-78	36	81	-19	11	81	19	78	-55	-69	66	41	4	92	74	-58	-43	24	25	-74	-58	95
