# unix_time, cycles_done, cur_path, paths_total, pending_total, pending_favs, map_size, unique_crashes, unique_hangs, max_depth, execs_per_sec
1575350829, 0, 0, 1, 1, 1, 0.04%, 0, 0, 1, 444.44
1575350834, 33, 0, 1, 0, 0, 0.04%, 1, 0, 1, 1621.70
1575350839, 70, 0, 1, 0, 0, 0.04%, 1, 0, 1, 1854.61
1575350844, 108, 0, 1, 0, 0, 0.04%, 1, 0, 1, 1902.71
1575350849, 146, 0, 1, 0, 0, 0.04%, 1, 0, 1, 1895.42
1575350854, 184, 0, 1, 0, 0, 0.04%, 1, 0, 1, 1891.03
1575350859, 221, 0, 1, 0, 0, 0.04%, 1, 0, 1, 1889.85
1575350864, 259, 0, 1, 0, 0, 0.04%, 1, 0, 1, 1891.97
1575350870, 297, 0, 1, 0, 0, 0.04%, 1, 0, 1, 1890.87
1575350875, 334, 0, 1, 0, 0, 0.04%, 1, 0, 1, 1890.39
1575350880, 372, 0, 1, 0, 0, 0.04%, 1, 0, 1, 1889.75
1575350885, 410, 0, 1, 0, 0, 0.04%, 1, 0, 1, 1890.26
1575350890, 448, 0, 1, 0, 0, 0.04%, 1, 0, 1, 1888.06
1575350895, 485, 0, 1, 0, 0, 0.04%, 1, 0, 1, 1886.63
1575350900, 523, 0, 1, 0, 0, 0.04%, 1, 0, 1, 1886.29
1575350905, 561, 0, 1, 0, 0, 0.04%, 1, 0, 1, 1886.96
1575350910, 598, 0, 1, 0, 0, 0.04%, 1, 0, 1, 1887.13
1575350916, 636, 0, 1, 0, 0, 0.04%, 1, 0, 1, 1889.55
1575350921, 674, 0, 1, 0, 0, 0.04%, 1, 0, 1, 1887.04
1575350926, 712, 0, 1, 0, 0, 0.04%, 1, 0, 1, 1887.64
1575350931, 749, 0, 1, 0, 0, 0.04%, 1, 0, 1, 1887.89
1575350936, 787, 0, 1, 0, 0, 0.04%, 1, 0, 1, 1888.39
1575350941, 825, 0, 1, 0, 0, 0.04%, 1, 0, 1, 1889.48
1575350946, 862, 0, 1, 0, 0, 0.04%, 1, 0, 1, 1886.61
1575350951, 900, 0, 1, 0, 0, 0.04%, 1, 0, 1, 1886.52
1575350956, 938, 0, 1, 0, 0, 0.04%, 1, 0, 1, 1887.63
1575350962, 976, 0, 1, 0, 0, 0.04%, 1, 0, 1, 1887.60
1575350967, 1013, 0, 1, 0, 0, 0.04%, 1, 0, 1, 1889.34
1575350972, 1051, 0, 1, 0, 0, 0.04%, 1, 0, 1, 1890.52
1575350977, 1089, 0, 1, 0, 0, 0.04%, 1, 0, 1, 1889.84
1575350982, 1126, 0, 1, 0, 0, 0.04%, 1, 0, 1, 1888.11
1575350987, 1164, 0, 1, 0, 0, 0.04%, 1, 0, 1, 1889.35
1575350992, 1202, 0, 1, 0, 0, 0.04%, 1, 0, 1, 1887.72
1575350997, 1240, 0, 1, 0, 0, 0.04%, 1, 0, 1, 1885.58
1575351002, 1277, 0, 1, 0, 0, 0.04%, 1, 0, 1, 1887.71
1575351008, 1315, 0, 1, 0, 0, 0.04%, 1, 0, 1, 1889.89
1575351013, 1353, 0, 1, 0, 0, 0.04%, 1, 0, 1, 1889.50
1575351018, 1390, 0, 1, 0, 0, 0.04%, 1, 0, 1, 1887.38
1575351023, 1428, 0, 1, 0, 0, 0.04%, 1, 0, 1, 1889.09
1575351028, 1466, 0, 1, 0, 0, 0.04%, 1, 0, 1, 1888.13
1575351033, 1504, 0, 1, 0, 0, 0.04%, 1, 0, 1, 1888.11
1575351038, 1541, 0, 1, 0, 0, 0.04%, 1, 0, 1, 1891.92
1575351043, 1579, 0, 1, 0, 0, 0.04%, 1, 0, 1, 1890.88
1575351048, 1617, 0, 1, 0, 0, 0.04%, 1, 0, 1, 1889.09
1575351054, 1654, 0, 1, 0, 0, 0.04%, 1, 0, 1, 1887.57
1575351059, 1692, 0, 1, 0, 0, 0.04%, 1, 0, 1, 1889.27
1575351064, 1730, 0, 1, 0, 0, 0.04%, 1, 0, 1, 1903.65
1575351069, 1768, 0, 1, 0, 0, 0.04%, 1, 0, 1, 1908.33
1575351074, 1805, 0, 1, 0, 0, 0.04%, 1, 0, 1, 1913.12
1575351079, 1843, 0, 1, 0, 0, 0.04%, 1, 0, 1, 1914.58
1575351084, 1881, 0, 1, 0, 0, 0.04%, 1, 0, 1, 1914.91
1575351089, 1918, 0, 1, 0, 0, 0.04%, 1, 0, 1, 1915.83
1575351094, 1956, 0, 1, 0, 0, 0.04%, 1, 0, 1, 1916.16
1575351099, 1994, 0, 1, 0, 0, 0.04%, 1, 0, 1, 1915.55
1575351104, 2032, 0, 1, 0, 0, 0.04%, 1, 0, 1, 1916.84
1575351109, 2069, 0, 1, 0, 0, 0.04%, 1, 0, 1, 1916.24
1575351114, 2107, 0, 1, 0, 0, 0.04%, 1, 0, 1, 1916.57
1575351119, 2145, 0, 1, 0, 0, 0.04%, 1, 0, 1, 1917.33
1575351124, 2182, 0, 1, 0, 0, 0.04%, 1, 0, 1, 1918.23
1575351129, 2220, 0, 1, 0, 0, 0.04%, 1, 0, 1, 1916.39
1575351134, 2258, 0, 1, 0, 0, 0.04%, 1, 0, 1, 1916.51
1575351139, 2296, 0, 1, 0, 0, 0.04%, 1, 0, 1, 1916.95
1575351144, 2333, 0, 1, 0, 0, 0.04%, 1, 0, 1, 1917.77
1575351149, 2371, 0, 1, 0, 0, 0.04%, 1, 0, 1, 1914.83
1575351154, 2409, 0, 1, 0, 0, 0.04%, 1, 0, 1, 1911.17
1575351160, 2446, 0, 1, 0, 0, 0.04%, 1, 0, 1, 1913.56
1575351165, 2484, 0, 1, 0, 0, 0.04%, 1, 0, 1, 1916.36
1575351170, 2522, 0, 1, 0, 0, 0.04%, 1, 0, 1, 1914.43
1575351175, 2560, 0, 1, 0, 0, 0.04%, 1, 0, 1, 1912.64
1575351180, 2597, 0, 1, 0, 0, 0.04%, 1, 0, 1, 1911.24
