# unix_time, cycles_done, cur_path, paths_total, pending_total, pending_favs, map_size, unique_crashes, unique_hangs, max_depth, execs_per_sec
1575349500, 0, 0, 1, 1, 1, 0.05%, 0, 0, 1, 421.05
1575349505, 0, 0, 8, 8, 1, 0.07%, 0, 0, 2, 1588.86
1575349520, 0, 5, 8, 3, 3, 0.07%, 0, 0, 2, 1882.93
1575349525, 2, 4, 9, 0, 0, 0.08%, 1, 0, 3, 1881.16
1575349530, 5, 3, 9, 0, 0, 0.08%, 1, 0, 3, 1875.87
1575349535, 7, 8, 9, 0, 0, 0.08%, 1, 0, 3, 1874.76
1575349540, 10, 7, 9, 0, 0, 0.08%, 1, 0, 3, 1875.17
1575349545, 13, 8, 9, 0, 0, 0.08%, 1, 0, 3, 1874.75
1575349551, 16, 7, 9, 0, 0, 0.08%, 1, 0, 3, 1876.39
1575349556, 19, 6, 9, 0, 0, 0.08%, 1, 0, 3, 1880.56
