# unix_time, cycles_done, cur_path, paths_total, pending_total, pending_favs, map_size, unique_crashes, unique_hangs, max_depth, execs_per_sec
1575349359, 0, 0, 1, 1, 1, 0.05%, 0, 0, 1, 400.00
1575349365, 14, 1, 2, 0, 0, 0.05%, 0, 0, 2, 1578.05
1575349370, 36, 0, 2, 0, 0, 0.05%, 0, 0, 2, 1812.95
1575349375, 57, 1, 2, 0, 0, 0.05%, 0, 0, 2, 1858.52
1575349380, 78, 1, 2, 0, 0, 0.05%, 0, 0, 2, 1871.10
1575349385, 87, 2, 3, 0, 0, 0.05%, 1, 0, 3, 1872.57
1575349390, 94, 1, 3, 0, 0, 0.05%, 1, 0, 3, 1876.10
1575349395, 100, 2, 3, 0, 0, 0.05%, 1, 0, 3, 1877.18
1575349400, 107, 2, 3, 0, 0, 0.05%, 1, 0, 3, 1878.49
1575349405, 120, 1, 3, 0, 0, 0.05%, 1, 0, 3, 1878.06
1575349410, 134, 0, 3, 0, 0, 0.05%, 1, 0, 3, 1876.98
1575349416, 147, 2, 3, 0, 0, 0.05%, 1, 0, 3, 1877.10
