# unix_time, cycles_done, cur_path, paths_total, pending_total, pending_favs, map_size, unique_crashes, unique_hangs, max_depth, execs_per_sec
1574211521, 0, 0, 1, 1, 1, 0.04%, 0, 0, 1, 444.44
1574211526, 33, 0, 1, 0, 0, 0.04%, 1, 0, 1, 1631.08
1574211531, 71, 0, 1, 0, 0, 0.04%, 1, 0, 1, 1858.38
1574211536, 108, 0, 1, 0, 0, 0.04%, 1, 0, 1, 1913.47
1574211541, 146, 0, 1, 0, 0, 0.04%, 1, 0, 1, 1927.86
1574211546, 184, 0, 1, 0, 0, 0.04%, 1, 0, 1, 1925.26
1574211551, 222, 0, 1, 0, 0, 0.04%, 1, 0, 1, 1920.50
1574211556, 259, 0, 1, 0, 0, 0.04%, 1, 0, 1, 1925.47
1574211561, 297, 0, 1, 0, 0, 0.04%, 1, 0, 1, 1926.14
1574211566, 335, 0, 1, 0, 0, 0.04%, 1, 0, 1, 1927.09
1574211571, 372, 0, 1, 0, 0, 0.04%, 1, 0, 1, 1929.46
1574211576, 410, 0, 1, 0, 0, 0.04%, 1, 0, 1, 1931.66
