# unix_time, cycles_done, cur_path, paths_total, pending_total, pending_favs, map_size, unique_crashes, unique_hangs, max_depth, execs_per_sec
1575351204, 0, 0, 1, 1, 1, 0.04%, 0, 0, 1, 421.05
1575351209, 10, 2, 3, 1, 1, 0.04%, 0, 0, 3, 1604.43
1575351214, 20, 0, 3, 0, 0, 0.04%, 0, 0, 3, 1835.40
1575351219, 33, 2, 3, 0, 0, 0.04%, 0, 0, 3, 1883.03
1575351224, 47, 2, 3, 0, 0, 0.04%, 0, 0, 3, 1891.97
1575351229, 61, 2, 3, 0, 0, 0.04%, 0, 0, 3, 1893.47
1575351234, 75, 1, 3, 0, 0, 0.04%, 0, 0, 3, 1892.22
1575351239, 89, 0, 3, 0, 0, 0.04%, 0, 0, 3, 1893.35
1575351245, 103, 0, 3, 0, 0, 0.04%, 0, 0, 3, 1893.49
1575351250, 116, 2, 3, 0, 0, 0.04%, 0, 0, 3, 1893.70
1575351255, 130, 2, 3, 0, 0, 0.04%, 0, 0, 3, 1897.10
1575351260, 144, 2, 3, 0, 0, 0.04%, 0, 0, 3, 1899.30
1575351265, 158, 1, 3, 0, 0, 0.04%, 0, 0, 3, 1898.38
1575351270, 163, 3, 4, 1, 1, 0.04%, 1, 0, 4, 1896.64
1575351275, 166, 3, 4, 0, 0, 0.04%, 1, 0, 4, 1893.43
1575351280, 169, 3, 4, 0, 0, 0.04%, 1, 0, 4, 1892.59
1575351286, 173, 3, 4, 0, 0, 0.04%, 1, 0, 4, 1891.22
1575351291, 176, 3, 4, 0, 0, 0.04%, 1, 0, 4, 1894.41
1575351296, 180, 3, 4, 0, 0, 0.04%, 1, 0, 4, 1893.48
