# unix_time, cycles_done, cur_path, paths_total, pending_total, pending_favs, map_size, unique_crashes, unique_hangs, max_depth, execs_per_sec
1575350703, 0, 0, 1, 1, 1, 0.05%, 0, 0, 1, 421.05
1575350708, 33, 0, 1, 0, 0, 0.05%, 0, 0, 1, 1594.31
1575350713, 70, 0, 1, 0, 0, 0.05%, 0, 0, 1, 1824.09
1575350718, 81, 0, 2, 0, 0, 0.06%, 0, 0, 2, 1870.26
1575350723, 88, 1, 2, 0, 0, 0.06%, 0, 0, 2, 1879.93
1575350728, 91, 1, 3, 0, 0, 0.06%, 0, 0, 3, 1879.64
1575350733, 95, 1, 3, 0, 0, 0.06%, 1, 0, 3, 1878.68
1575350738, 100, 2, 3, 0, 0, 0.06%, 1, 0, 3, 1878.19
1575350744, 107, 2, 3, 0, 0, 0.06%, 1, 0, 3, 1878.20
1575350749, 117, 0, 3, 0, 0, 0.06%, 1, 0, 3, 1877.60
1575350754, 130, 2, 3, 0, 0, 0.06%, 1, 0, 3, 1877.85
1575350759, 144, 0, 3, 0, 0, 0.06%, 1, 0, 3, 1876.20
